3 //objectives
7 //vars
1 //dms
0.309 0.309, 0.330 0.330, 0.361 0.361 // weight dm 1
0.247 0.298, 0.231 0.262, 0.234 0.293 // veto dm 1
0.51 0.67 // lambda 1
TRUE // best compromise
1
0.9880430151603022, 0.5033571879459157, 0.5, 0.5, 0.5, 0.5, 0.5 //* 0.24866927684034673, 0.2453522307398044, 0.00597849241984888 *
TRUE // initial solutions se usara como conjunto de referencia 
20
0.9957855372321608, 0.7092295766829976, 0.5, 0.5, 0.5, 0.5, 0.5 * 0.35312027751910835, 0.14477249109697204, 0.0021072313839196055 *
0.983916165728895, 0.2804503539674551, 0.5, 0.5, 0.5, 0.5, 0.5 * 0.1379698184764849, 0.35398826438796255, 0.008041917135552523 *
0.98487889789804, 0.2795669594361795, 0.5, 0.5, 0.5, 0.5, 0.5 * 0.13766979944910523, 0.35476964949991474, 0.0075605510509800244 *
0.9896408029183756, 0.45154368142188483, 0.5, 0.5, 0.5, 0.5, 0.5 * 0.22343302571753668, 0.27138737574165117, 0.00517959854081218 *
0.9907892110887537, 0.5613765761494306, 0.5, 0.5, 0.5, 0.5, 0.5 * 0.2781029275034, 0.21729167804097685, 0.004605394455623135 *
0.7341311449472205, 0.00201858934588528, 0.5, 0.5, 0.5, 0.5, 0.5 * 0.0007409546538365108, 0.36632461781977377, 0.13293442752638973 *
0.9871469129691447, 0.20891854110650654, 0.5, 0.5, 0.5, 0.5, 0.5 * 0.10311664645765264, 0.3904568100269197, 0.006426543515427652 *
0.9940625007827288, 0.25488646080937216, 0.5, 0.5, 0.5, 0.5, 0.5 * 0.12668653632391175, 0.3703447140674527, 0.002968749608635579 *
0.3452559178547241, 0.0005107713253231783, 0.5, 0.5, 0.5, 0.5, 0.5 * 8.81734113691639e-05, 0.1725397855159929, 0.32737204107263795 *
0.9971167967926894, 0.2832040155507338, 0.5, 0.5, 0.5, 0.5, 0.5 * 0.14119374041238736, 0.35736465798395733, 0.001441601603655307 *
0.9989346901705576, 0.6228605413182144, 0.5, 0.5, 0.5, 0.5, 0.5 * 0.31109850093058816, 0.18836884415469063, 0.000532654914721209 *
0.9991325118223622, 0.7358949241769374, 0.5, 0.5, 0.5, 0.5, 0.5 * 0.3676282720151151, 0.131937983896066, 0.00043374408881891036 *
0.9914583668103131, 0.5445445067726248, 0.5, 0.5, 0.5, 0.5, 0.5 * 0.269946603670157, 0.22578257973499952, 0.004270816594843463 *
0.9921021098752968, 0.4589839347241985, 0.5, 0.5, 0.5, 0.5, 0.5 * 0.22767946501937142, 0.268371589918277, 0.003948945062351605 *
0.9835022544909184, 0.17075755447155871, 0.5, 0.5, 0.5, 0.5, 0.5 * 0.0839702198970669, 0.40778090734839234, 0.008248872754540781 *
0.9838777023450899, 0.5254180805018906, 0.5, 0.5, 0.5, 0.5, 0.5 * 0.2584735669073838, 0.2334652842651611, 0.008061148827455067 *
0.9967835393880388, 0.6655901642656559, 0.5, 0.5, 0.5, 0.5, 0.5 * 0.3317246598592933, 0.1666671098347261, 0.001608230305980618 *
0.9980507714239311, 0.7224596798151222, 0.5, 0.5, 0.5, 0.5, 0.5 * 0.36052572038108444, 0.13849966533088107, 0.0009746142880344699 *
0.996791512237469, 0.8204281979177565, 0.5, 0.5, 0.5, 0.5, 0.5 * 0.408897932042351, 0.08949782407638351, 0.0016042438812655102 *
0.5487919973550953, 0.0014060598873719687, 0.5, 0.5, 0.5, 0.5, 0.5 * 0.00038581720699587156, 0.2740101814705518, 0.22560400132245234 *
