10 //objectives
14 //vars
1 //dms
0.039,0.057,0.008,0.012,0.080,0.114,0.111,0.159,0.252,0.362,0.053,0.077,0.138,0.198,0.057,0.081,0.072,0.104,0.011,0.015
330.809,334.066,328.457,365.809,276.696,316.882,252.230,261.895,202.364,228.932,292.162,311.541,212.103,229.319,278.073,317.755,290.141,305.265,334.981,338.754
0.51 0.75 // Credibility Threshold Beta
0.51 0.67 // Majority Threshold lambda 1
TRUE // best compromise
1
0.9833880803268502, 0.7422758982190997, 0.7705696907488513, 0.7491276647100754, 0.8265929666229433, 0.7351730073237421, 0.7822727450246021, 0.502568503045031, 0.6241641087276585, 0.5, 0.5, 0.5, 0.5, 0.5 * 0.03141677332086332, 0.018917382202602383, 0.04981966473883529, 0.0278754647911508, 0.04611922662751718, 0.03653379353202486, 0.07055454551061588, 0.08373578458767471, 0.12672140485214067, 0.008305959836574894 *
TRUE TRUE// frontiers generates with 2
6 // OUTRANKING: R2(3) + R1(3)
0.04662 0.04662, 0.02801 0.02801, 0.07389 0.07389, 0.04108 0.04108, 0.06485 0.06485, 0.05307 0.05307, 0.07237 0.07237, 0.18792 0.18792, 0.13447 0.13447, 0.00971 0.00971
0.04789 0.04789, 0.02876 0.02876, 0.07589 0.07589, 0.04218 0.04218, 0.06641 0.06641, 0.05445 0.05445, 0.07434 0.07434, 0.30078 0.30078, 0.13512 0.13512, 0.00983 0.00983
0.04915 0.04915, 0.02952 0.02952, 0.07790 0.07790, 0.04328 0.04328, 0.06797 0.06797, 0.05583 0.05583, 0.07630 0.07630, 0.41365 0.41365, 0.13577 0.13577, 0.00995 0.00995
0.05169 0.05169, 0.03104 0.03104, 0.08191 0.08191, 0.04548 0.04548, 0.07109 0.07109, 0.05859 0.05859, 0.08024 0.08024, 0.63938 0.63938, 0.13706 0.13706, 0.01018 0.01018
0.05232 0.05232, 0.03142 0.03142, 0.08291 0.08291, 0.04604 0.04604, 0.07187 0.07187, 0.05928 0.05928, 0.08122 0.08122, 0.69581 0.69581, 0.13738 0.13738, 0.01024 0.01024
0.05295 0.05295, 0.03179 0.03179, 0.08392 0.08392, 0.04659 0.04659, 0.07265 0.07265, 0.05997 0.05997, 0.08221 0.08221, 0.75225 0.75225, 0.13770 0.13770, 0.01030 0.01030
FALSE // initial solutions se usara como conjunto de referencia
